165  87  172  195  141  51  44  110  183  220  44  200  200  48  206  64  
99  93  88  62  63  14  119  125  8  194  46  62  87  134  161  110  
43  43  198  253  1  61  110  12  195  88  220  60  119  151  16  182  
164  130  79  218  89  95  113  235  170  203  247  87  27  221  51  23  
208  133  171  157  93  252  19  209  148  35  93  245  107  225  231  10  
12  252  202  169  181  55  177  239  221  19  212  66  113  217  19  152  
129  216  26  56  78  2  55  115  174  174  197  248  104  252  187  133  
100  166  241  15  125  115  143  9  63  171  88  134  108  34  87  135  
209  30  74  1  252  224  118  124  153  125  180  98  134  57  230  84  
230  152  4  54  169  117  64  42  12  17  66  162  205  254  19  52  
40  54  123  164  123  172  74  183  249  206  141  61  171  219  44  12  
180  20  224  41  244  92  175  72  241  233  207  187  160  154  240  223  
38  9  128  245  31  253  29  218  113  116  12  246  221  64  197  37  
135  200  8  29  24  107  121  246  127  171  27  188  129  42  14  69  
5  122  195  73  150  100  33  46  187  179  148  27  222  35  212  53  
169  219  190  59  231  88  118  189  161  46  199  48  117  124  229  102  
114  188  180  21  198  44  94  150  79  123  224  1  247  251  70  189  
241  45  18  137  208  137  10  246  110  253  12  63  113  106  209  202  
165  125  145  1  105  231  191  126  80  238  209  249  34  225  77  216  
210  71  113  173  187  57  133  244  10  153  118  174  4  2  65  35  
233  208  2  237  222  217  51  43  146  50  63  159  170  248  53  23  
224  208  194  79  76  100  191  14  214  116  157  204  39  231  132  71  
102  75  196  73  248  247  48  252  170  204  120  220  169  122  115  154  
228  145  105  60  92  55  201  179  136  140  221  242  77  207  53  242  
105  45  91  198  1  219  71  116  109  132  161  189  209  245  41  132  
67  187  145  121  241  27  86  109  160  112  89  129  150  252  22  50  
97  9  236  69  13  46  226  22  130  183  67  147  236  75  241  188  
1  18  193  127  202  119  43  61  153  85  97  17  247  3  247  111  
86  218  0  145  169  81  184  202  211  169  69  58  153  212  208  107  
166  212  196  187  181  42  170  100  82  191  136  245  198  61  250  127  
185  111  226  107  57  102  88  34  2  237  228  198  35  215  174  6  
40  210  156  157  233  189  125  251  188  51  213  218  253  215  162  241  
208  58  0  255  189  72  39  177  8  97  18  149  231  76  51  168  
84  83  230  139  40  35  106  129  17  93  94  91  201  203  211  56  
174  96  210  50  150  21  11  248  16  197  92  72  110  193  117  201  
70  126  151  240  66  253  44  211  102  252  198  9  96  211  204  36  
222  55  116  47  27  61  39  246  196  93  37  170  188  249  180  161  
58  244  22  106  200  214  47  161  125  50  113  169  152  155  156  229  
114  78  100  0  131  30  146  236  148  124  190  201  92  149  1  243  
247  206  204  120  78  187  229  235  109  149  164  29  133  186  176  65  
172  181  253  4  59  11  172  126  112  232  126  71  52  239  173  212  
238  100  100  244  122  5  24  65  78  176  166  9  175  39  12  218  
191  73  67  209  200  139  24  70  119  122  168  71  11  64  170  43  
222  237  200  60  155  227  0  189  32  254  83  165  82  13  171  121  
41  190  134  196  33  233  7  132  34  4  15  219  19  190  3  11  
240  203  125  82  80  50  51  224  107  249  136  48  167  201  217  92  
86  151  85  103  42  35  119  188  14  9  229  112  186  115  249  85  
178  32  184  87  36  238  187  203  42  64  68  21  106  217  128  246  
203  171  194  148  105  150  244  166  20  137  137  220  181  74  234  133  
82  136  154  135  131  6  210  166  18  223  157  148  96  175  236  217  
237  235  60  251  19  206  246  188  119  188  165  63  148  200  110  77  
52  223  226  181  115  243  179  79  26  111  112  9  157  176  70  14  
184  94  37  43  69  56  86  168  39  63  188  147  236  213  72  211  
158  82  85  33  181  213  227  123  105  150  42  79  135  217  153  224  
107  252  24  94  202  95  132  99  249  125  23  202  51  48  115  211  
128  171  68  246  123  87  8  43  109  160  148  19  70  222  65  60  
7  60  122  36  230  143  130  140  100  82  151  73  75  125  225  190  
51  108  95  19  86  242  103  70  230  40  24  190  95  90  141  220  
166  224  17  197  43  145  173  130  136  211  220  16  158  206  90  248  
88  147  29  171  247  138  117  220  140  131  239  64  13  141  43  103  
85  171  84  31  113  175  12  141  192  207  109  53  248  153  134  120  
245  49  170  201  10  173  166  123  65  60  152  104  21  253  236  159  
55  57  233  108  132  46  97  4  112  183  197  233  162  196  5  99  
11  201  172  46  91  156  25  7  118  94  84  137  99  109  25  233  
124  172  5  79  35  157  192  35  19  162  78  32  7  106  242  204  
192  128  92  223  186  75  89  236  223  177  246  76  91  61  184  202  
128  91  200  178  39  106  32  6  229  86  79  68  191  149  207  248  
140  80  227  99  62  208  125  229  176  16  125  142  217  68  207  53  
33  13  183  229  145  232  82  114  110  121  43  66  146  54  223  237  
187  133  133  36  59  246  87  203  131  204  82  129  248  207  43  140  
83  160  183  111  126  126  103  137  151  81  218  196  59  14  247  44  
162  219  104  158  11  172  250  125  174  78  74  235  95  55  52  242  
200  15  79  48  48  54  65  209  23  80  77  155  203  63  44  114  
48  171  132  153  158  252  128  136  81  71  20  100  195  244  60  40  
117  33  3  159  31  49  120  189  169  150  248  182  204  161  192  233  
197  169  214  158  195  250  65  165  93  5  143  213  242  147  250  77  
3  39  107  70  15  90  15  231  234  32  151  250  214  6  16  68  
21  108  246  32  230  32  115  35  177  214  229  65  108  128  72  241  
109  247  17  192  213  152  93  133  125  93  172  150  22  10  104  102  
10  138  63  116  199  234  234  194  81  182  107  99  130  89  65  102  
167  96  83  245  147  113  183  8  180  94  241  239  65  239  234  244  
124  204  48  241  139  110  181  210  148  186  30  143  125  162  86  59  
230  145  102  212  178  12  124  174  75  17  250  165  243  27  1  164  
164  161  228  150  85  169  247  151  15  184  184  209  224  96  166  118  
35  173  57  128  247  142  235  214  137  16  3  9  210  110  61  26  
9  14  91  127  22  127  53  105  119  119  77  239  255  181  109  85  
153  246  126  135  126  193  186  44  197  117  40  60  112  229  107  120  
145  214  197  114  50  79  209  135  135  107  62  25  172  180  27  12  
217  141  69  232  196  199  93  103  176  116  42  161  53  254  106  31  
2  16  170  53  151  138  249  124  217  9  130  103  173  139  226  121  
155  114  52  58  155  145  25  201  17  204  100  23  233  145  4  181  
92  59  57  153  26  163  9  0  131  161  216  33  132  63  171  56  
225  93  51  92  60  4  173  173  23  164  85  96  236  157  221  219  
144  232  164  112  36  187  52  7  223  28  249  171  154  237  181  76  
209  236  45  189  106  105  246  119  31  208  66  81  106  143  92  229  
241  122  43  109  104  120  195  208  15  110  53  10  104  56  104  35  
46  146  251  241  94  96  166  205  62  205  180  26  202  199  63  30  
142  186  69  157  66  193  36  184  117  23  54  96  86  95  136  172  
39  24  204  241  50  82  181  243  119  156  98  244  77  101  21  16  
111  104  103  133  4  56  76  183  50  249  134  252  236  145  10  115  
1  203  246  159  184  239  210  69  249  35  130  50  43  70  224  154  
123  91  61  255  46  92  62  36  192  133  77  5  138  111  220  20  
32  126  180  40  44  151  217  195  80  190  101  103  221  84  54  71  
148  160  193  207  44  59  160  100  26  61  13  201  234  246  4  223  
130  1  184  20  192  140  181  160  140  77  255  203  56  78  214  71  
17  227  238  119  231  62  71  240  11  171  168  131  75  85  61  161  
58  200  58  124  18  237  125  92  25  234  37  239  47  46  36  132  
39  168  74  24  90  245  183  81  157  228  148  190  119  54  241  209  
77  201  248  12  35  74  72  222  255  68  214  59  194  68  60  218  
199  119  239  48  23  162  39  117  121  106  197  77  183  80  103  42  
28  229  190  140  201  58  135  43  229  235  193  213  120  217  225  107  
192  67  44  191  159  128  48  227  216  239  203  174  136  41  110  158  
58  217  134  40  155  86  47  107  226  218  57  103  125  1  83  139  
129  136  39  103  174  183  139  26  244  174  1  177  123  39  133  25  
69  177  93  2  200  44  128  17  202  243  170  44  43  140  151  237  
31  248  50  59  9  78  134  194  78  116  222  30  118  169  211  95  
3  120  179  118  140  251  192  226  145  255  227  140  209  243  192  158  
114  176  47  232  173  17  52  86  141  66  68  169  195  128  177  126  
25  188  109  10  225  225  216  133  200  116  153  235  180  123  205  60  
223  22  73  131  77  11  86  59  118  43  32  97  31  210  165  181  
38  205  10  64  178  167  248  205  25  79  191  145  223  183  197  195  
61  93  156  42  28  108  215  194  172  188  2  44  142  128  204  130  
112  233  53  131  6  230  6  211  166  240  229  229  250  212  197  123  
2  130  210  122  194  112  252  235  179  20  41  215  219  36  106  220  
120  232  163  233  79  211  202  171  241  29  254  36  164  18  222  165  
59  252  127  32  238  194  133  146  189  96  249  154  255  88  88  46  
110  34  255  184  69  243  71  97  60  222  147  141  196  124  209  239  
102  42  210  118  82  183  170  224  154  222  121  162  247  67  142  52  
22  81  88  108  139  21  176  17  86  253  247  179  248  237  243  208  
216  190  203  155  182  35  0  79  244  16  155  169  3  114  8  13  
206  245  254  223  72  214  247  128  24  76  226  168  166  239  253  41  
99  51  222  33  137  200  159  68  29  135  64  26  203  39  201  49  
42  20  24  150  147  25  246  44  171  239  68  155  203  30  17  61  
104  92  200  154  69  116  159  146  18  77  18  41  61  79  248  145  
101  44  235  103  205  132  4  71  19  96  175  130  77  56  194  246  
29  75  172  249  154  250  86  78  242  2  1  93  217  207  78  217  
242  101  41  163  58  0  240  209  142  43  195  59  132  239  102  41  
244  188  177  245  10  160  225  248  81  208  180  27  14  68  76  80  
237  250  22  216  123  10  117  21  104  8  86  137  52  244  76  187  
84  58  60  206  255  87  35  79  219  137  142  65  209  164  37  253  
5  81  205  225  94  235  105  171  22  44  127  200  219  246  173  180  
231  210  191  155  240  212  72  169  60  243  36  35  112  207  199  17  
138  119  14  234  109  186  123  131  81  48  243  178  182  195  178  49  
103  228  69  84  112  159  187  198  37  14  248  138  170  125  4  32  
1  44  187  185  97  9  188  137  105  90  44  76  124  247  228  69  
159  20  221  226  147  100  237  4  206  64  96  59  225  214  127  152  
99  100  104  83  174  111  91  5  63  188  170  59  147  8  184  163  
119  45  101  201  94  193  85  48  59  5  79  50  4  96  226  153  
138  97  125  105  85  72  13  48  191  139  223  48  105  214  199  4  
131  0  69  156  247  210  179  180  2  45  150  204  250  91  59  22  
227  112  106  223  153  43  129  18  254  130  216  46  75  244  162  216  
16  225  163  128  250  84  131  238  7  12  40  249  200  235  173  185  
63  174  163  70  131  96  30  53  213  87  180  45  201  103  177  201  
33  150  52  89  207  235  18  53  167  21  70  65  70  12  229  254  
80  231  161  20  137  168  110  60  229  172  51  51  10  52  31  15  
24  213  245  125  130  87  158  24  87  173  109  122  138  157  210  56  
45  224  96  149  164  27  216  15  83  115  86  72  176  216  7  161  
217  76  178  105  139  118  92  212  123  163  42  35  157  70  20  193  
183  175  246  112  245  150  175  12  127  231  233  23  111  12  25  224  
180  17  31  100  255  88  214  145  129  72  171  162  159  190  179  3  
184  21  188  14  38  55  241  62  85  6  212  37  163  14  248  222  
83  19  65  70  31  10  33  241  19  114  42  64  215  62  183  48  
132  155  185  225  34  81  90  43  231  64  210  127  38  191  202  139  
184  2  218  11  237  146  197  238  48  189  171  159  180  8  65  39  
168  114  249  76  124  13  136  75  0  15  226  72  40  197  49  240  
4  137  97  13  89  220  209  251  253  33  188  210  209  176  91  224  
237  59  134  35  133  145  141  195  91  165  224  147  144  31  0  54  
147  60  49  223  211  131  20  155  230  253  248  247  233  186  134  221  
78  222  25  20  35  178  191  242  131  36  108  165  50  32  135  64  
245  220  133  187  228  151  138  11  118  236  92  36  122  189  53  252  
183  25  33  174  81  215  67  178  213  139  208  203  139  251  196  8  
222  115  0  164  186  110  12  162  154  221  67  107  168  84  172  14  
33  206  34  27  51  153  68  148  158  238  133  82  111  134  2  214  
96  139  48  92  249  236  209  4  45  136  47  199  227  183  234  163  
86  194  18  147  200  225  237  205  68  65  185  162  147  125  244  216  
40  241  180  206  65  55  122  85  202  210  162  173  107  20  248  35  
110  98  16  100  213  45  227  114  87  85  194  82  117  161  222  70  
151  72  209  21  54  168  13  58  31  89  85  72  60  213  241  15  
189  59  117  93  221  39  155  23  110  68  210  113  4  114  54  138  
91  158  180  71  124  153  191  154  202  120  173  89  220  9  250  207  
188  103  79  111  121  156  160  48  103  93  66  97  159  3  196  79  
219  97  60  50  39  8  107  39  1  175  212  116  161  59  3  17  
70  131  135  16  229  60  96  32  41  215  150  169  133  73  212  236  
16  139  19  31  130  158  47  173  78  155  164  209  16  73  214  155  
253  142  145  45  228  223  111  83  83  125  169  220  182  141  246  62  
22  235  144  40  190  124  83  184  244  214  233  25  83  207  202  199  
213  177  128  159  49  158  152  240  231  171  5  58  254  115  214  41  
117  89  13  152  206  148  84  142  245  77  240  82  43  99  161  202  
188  24  224  186  23  94  188  166  73  236  163  161  205  204  149  230  
189  49  104  228  39  162  46  16  18  36  254  178  161  124  232  154  
41  131  51  61  13  28  52  181  97  130  18  105  107  32  26  79  
26  253  178  148  8  194  117  23  228  115  7  69  2  37  81  255  
7  188  231  161  116  103  17  66  46  0  172  36  191  60  101  53  
141  170  187  61  26  239  246  32  35  163  44  121  223  160  138  190  
180  135  82  217  2  45  107  87  10  32  35  152  244  189  86  248  
182  128  245  31  19  235  12  120  185  71  155  153  98  139  104  98  
220  193  142  164  102  43  81  222  221  114  38  218  114  192  83  58  
68  150  195  29  77  16  104  119  76  218  50  203  140  193  43  85  
30  79  4  146  5  72  253  113  211  120  174  198  231  64  35  9  
195  52  212  154  151  82  123  147  180  224  84  147  153  184  37  56  
141  57  248  220  111  140  93  255  107  66  72  143  125  70  188  84  
21  118  20  226  226  164  89  17  11  124  76  251  187  89  102  226  
134  85  126  179  221  76  101  213  91  216  242  33  249  193  81  226  
179  130  190  55  78  17  159  160  172  91  216  74  182  244  169  190  
238  37  35  229  221  41  136  165  60  184  203  4  212  34  109  175  
223  186  28  250  50  172  83  199  118  146  76  159  139  36  9  194  
161  215  5  16  41  151  164  53  135  36  165  79  39  69  13  64  
26  168  215  170  57  166  18  113  138  160  188  138  107  63  232  101  
30  235  159  154  64  195  102  229  103  226  79  236  9  245  187  175  
51  220  18  167  73  249  30  155  152  216  32  184  11  215  134  161  
64  47  224  73  160  0  76  165  37  188  144  26  75  160  8  71  
87  15  159  70  237  186  83  170  42  246  69  107  241  151  113  102  
111  229  93  17  189  83  175  188  26  186  186  23  210  81  238  163  
231  105  138  76  128  142  217  107  135  4  183  241  106  145  11  42  
243  94  59  209  19  225  33  105  165  151  225  122  164  243  157  222  
236  223  112  3  221  102  61  206  113  19  201  16  80  66  149  218  
37  51  210  185  158  71  204  170  252  94  132  42  43  185  132  93  
241  19  26  134  121  230  186  220  137  221  110  119  102  103  241  201  
74  72  23  104  121  70  196  137  48  182  167  200  43  6  100  119  
69  113  237  244  224  200  72  131  254  61  100  227  72  130  5  74  
230  209  150  117  85  13  217  141  41  88  162  180  109  96  164  191  
61  232  146  135  41  85  224  150  22  141  4  7  180  42  232  135  
187  201  170  230  46  129  131  203  138  7  218  87  129  181  246  176  
48  103  233  161  188  15  117  5  247  78  11  83  79  190  163  2  
33  161  203  153  154  223  116  53  201  21  75  210  242  63  44  45  
71  152  45  57  5  108  197  211  107  243  54  85  54  115  83  115  
221  231  135  188  95  47  102  38  36  210  169  158  41  151  67  35  
198  212  23  67  50  122  42  202  163  103  144  39  99  141  153  239  
47  216  134  3  166  168  123  233  25  100  113  162  153  43  149  222  
51  146  3  41  72  141  49  81  108  45  46  17  153  160  39  101  
85  176  63  184  168  188  103  152  26  254  94  117  182  52  42  232  
90  243  51  153  32  85  93  107  37  2  246  197  26  247  23  105  
195  127  64  243  55  134  17  23  145  163  219  114  16  7  18  51  
203  93  188  79  69  17  104  78  90  171  38  16  185  94  182  93  
46  160  8  160  119  179  248  207  221  84  98  112  45  45  214  88  
213  145  78  254  199  227  130  246  131  190  223  38  165  183  65  94  
130  93  71  110  169  253  175  73  112  154  107  35  190  172  72  124  
86  151  135  204  49  114  104  129  238  198  239  255  153  21  167  150  
109  29  60  249  228  14  32  115  125  183  179  128  129  201  241  234  
50  179  64  118  1  145  117  120  20  194  47  233  161  136  49  165  
89  69  25  72  219  156  199  141  5  154  148  66  45  206  190  32  
232  130  240  147  136  249  106  244  200  108  217  208  23  70  230  247  
168  120  192  61  212  29  133  115  43  32  218  122  110  12  85  207  
181  167  172  65  134  10  70  109  92  121  7  57  239  78  11  126  
241  42  25  98  99  67  122  238  198  122  62  253  42  96  50  249  
91  27  160  16  185  194  110  11  250  66  45  156  135  120  250  144  
102  65  142  188  168  38  77  157  73  167  68  197  189  226  177  95  
215  159  13  44  66  164  166  236  139  240  158  170  206  82  60  214  
92  122  116  58  84  175  219  179  75  57  139  172  253  94  45  21  
117  39  69  224  90  215  88  157  225  228  227  89  216  237  205  115  
52  95  79  186  173  223  152  176  160  197  63  147  42  91  112  93  
224  144  149  195  224  99  114  64  149  167  236  148  17  68  95  32  
120  219  241  52  195  18  40  34  63  161  88  190  149  40  24  35  
253  153  101  66  102  111  173  253  178  39  194  111  159  83  81  24  
114  106  132  48  171  155  59  91  105  189  161  194  134  111  194  238  
31  172  16  226  26  195  138  23  65  112  7  222  221  22  186  219  
