0:   99   8  99
1:   124   52  124
2:   119   244  119
3:   123   92  123
4:   242   63  242
5:   107   83  107
6:   111   115  111
7:   197   147  197
8:   48   106  48
9:   1   174  1
10:   103   28  103
11:   43   194  43
12:   254   79  254
13:   215   2  215
14:   171   65  171
15:   118   90  118
16:   202   61  202
17:   130   155  130
18:   201   54  201
19:   125   9  125
20:   250   159  250
21:   89   205  89
22:   71   105  71
23:   240   38  240
24:   173   94  173
25:   212   101  212
26:   162   82  162
27:   175   12  175
28:   156   181  156
29:   164   15  164
30:   114   161  114
31:   192   40  192
32:   183   125  183
33:   253   169  253
34:   147   3  147
35:   38   80  38
36:   54   154  54
37:   63   230  63
38:   247   98  247
39:   204   25  204
40:   52   141  52
41:   165   153  165
42:   229   132  229
43:   241   165  241
44:   113   84  113
45:   216   177  216
46:   49   189  49
47:   21   13  21
48:   4   234  4
49:   199   253  199
50:   35   103  35
51:   195   236  195
52:   24   91  24
53:   150   150  150
54:   5   247  5
55:   154   191  154
56:   7   135  7
57:   18   64  18
58:   128   157  128
59:   226   69  226
60:   235   11  235
61:   39   201  39
62:   178   235  178
63:   117   21  117
64:   9   129  9
65:   131   6  131
66:   44   16  44
67:   26   207  26
68:   27   227  27
69:   110   186  110
70:   90   68  90
71:   160   240  160
72:   82   22  82
73:   59   229  59
74:   214   42  214
75:   179   107  179
76:   41   148  41
77:   227   85  227
78:   47   215  47
79:   132   197  132
80:   83   99  83
81:   209   117  209
82:   0   193  0
83:   237   223  237
84:   32   109  32
85:   252   14  252
86:   177   26  177
87:   91   48  91
88:   106   138  106
89:   203   192  203
90:   190   254  190
91:   57   243  57
92:   74   4  74
93:   76   72  76
94:   88   188  88
95:   207   173  207
96:   208   206  208
97:   239   97  239
98:   170   77  170
99:   251   246  251
100:   67   151  67
101:   77   113  77
102:   51   62  51
103:   133   123  133
104:   69   46  69
105:   249   116  249
106:   2   158  2
107:   127   27  127
108:   80   251  80
109:   60   238  60
110:   159   178  159
111:   168   45  168
112:   81   75  81
113:   163   217  163
114:   64   70  64
115:   143   190  143
116:   146   74  146
117:   157   232  157
118:   56   212  56
119:   245   222  245
120:   188   44  188
121:   182   0  182
122:   218   104  218
123:   33   245  33
124:   16   237  16
125:   255   200  255
126:   243   31  243
127:   210   96  210
128:   205   166  205
129:   12   239  12
130:   19   110  19
131:   236   93  236
132:   95   139  95
133:   151   55  151
134:   68   164  68
135:   23   168  23
136:   196   30  196
137:   167   78  167
138:   126   86  126
139:   61   59  61
140:   100   228  100
141:   93   108  93
142:   25   10  25
143:   115   219  115
144:   96   37  96
145:   129   7  129
146:   79   250  79
147:   220   180  220
148:   34   24  34
149:   42   233  42
150:   144   142  144
151:   136   175  136
152:   70   183  70
153:   238   89  238
154:   184   67  184
155:   20   50  20
156:   222   224  222
157:   94   210  94
158:   11   100  11
159:   219   140  219
160:   224   71  224
161:   50   130  50
162:   58   242  58
163:   10   87  10
164:   73   149  73
165:   6   43  6
166:   36   231  36
167:   92   172  92
168:   194   47  194
169:   211   53  211
170:   172   20  172
171:   98   76  98
172:   145   57  145
173:   149   204  149
174:   228   162  228
175:   121   225  121
176:   231   60  231
177:   200   211  200
178:   55   41  55
179:   109   202  109
180:   141   118  141
181:   213   29  213
182:   78   226  78
183:   169   121  169
184:   108   127  108
185:   86   209  86
186:   244   152  244
187:   234   160  234
188:   101   131  101
189:   122   171  122
190:   174   126  174
191:   8   102  8
192:   186   32  186
193:   120   146  120
194:   37   34  37
195:   46   182  46
196:   28   122  28
197:   166   120  166
198:   180   255  180
199:   198   73  198
200:   232   51  232
201:   221   179  221
202:   116   19  116
203:   31   56  31
204:   75   167  75
205:   189   137  189
206:   139   112  139
207:   138   187  138
208:   112   17  112
209:   62   119  62
210:   181   176  181
211:   102   195  102
212:   72   58  72
213:   3   214  3
214:   246   252  246
215:   14   203  14
216:   97   23  97
217:   53   128  53
218:   87   248  87
219:   185   143  185
220:   134   184  134
221:   193   198  193
222:   29   49  29
223:   158   218  158
224:   225   33  225
225:   248   156  248
226:   152   124  152
227:   17   35  17
228:   105   133  105
229:   217   134  217
230:   142   220  142
231:   148   221  148
232:   155   114  155
233:   30   111  30
234:   135   136  135
235:   233   213  233
236:   206   81  206
237:   85   199  85
238:   40   241  40
239:   223   36  223
240:   140   208  140
241:   161   249  161
242:   137   95  137
243:   13   163  13
244:   191   185  191
245:   230   39  230
246:   66   88  66
247:   104   145  104
248:   65   170  65
249:   153   196  153
250:   45   66  45 
251:   15   144  15
252:   176   18  176
253:   84   1  84
254:   187   5  187
255:   22   216  22
