181 39 61 231 
128 154 8 9 
16 162 101 131 
98 181 37 221 
19 171 216 160 
80 233 90 23 
109 113 108 185 
39 90 28 129 
210 225 206 120 
192 127 148 5 
193 182 25 52 
5 55 119 68 
239 222 68 229 
211 15 39 114 
146 4 149 51 
239 182 40 51 
54 25 226 20 
139 198 8 99 
30 110 152 93 
140 184 91 97 
210 242 14 155 
246 83 149 161 
162 97 158 79 
58 85 164 47 
205 240 220 145 
111 247 73 172 
112 39 220 167 
137 10 253 33 
83 85 255 12 
70 69 178 224 
62 89 71 212 
185 121 54 88 
156 4 31 193 
172 2 255 55 
211 225 48 121 
221 40 101 176 
201 110 149 56 
52 57 195 176 
75 218 141 60 
218 93 253 93 
94 205 225 85 
70 251 125 149 
198 153 1 220 
85 205 143 180 
44 229 6 48 
155 31 186 251 
33 24 123 240 
149 65 249 9 
104 37 168 51 
97 190 220 182 
172 77 31 222 
140 97 187 196 
0 191 60 61 
242 212 94 28 
177 27 47 217 
94 34 109 35 
14 242 69 240 
8 107 183 105 
157 66 90 129 
20 126 158 219 
208 103 241 215 
47 180 141 52 
186 102 24 128 
95 51 54 215 
20 138 144 244 
50 182 181 105 
251 125 52 136 
183 219 91 152 
130 253 183 214 
131 155 208 139 
111 16 164 34 
67 136 229 232 
96 12 188 28 
39 78 184 78 
187 170 202 57 
129 247 220 156 
240 196 68 180 
91 59 207 215 
230 127 4 75 
195 174 140 224 
191 114 140 155 
51 12 0 96 
196 164 118 84 
151 167 56 147 
247 83 197 251 
43 198 14 198 
248 105 119 249 
125 63 153 45 
206 18 31 192 
98 250 75 211 
197 84 227 189 
83 248 89 57 
43 240 37 98 
145 49 32 180 
122 135 233 166 
240 235 32 225 
246 56 219 170 
199 39 1 220 
136 11 116 44 
136 141 235 241 
121 223 54 251 
94 255 242 50 
166 117 163 220 
4 74 246 65 
79 165 218 163 
73 32 9 206 
4 48 138 241 
202 84 2 118 
107 45 69 129 
29 97 146 142 
164 179 7 80 
176 79 76 248 
90 154 61 76 
95 245 212 245 
140 164 112 45 
88 171 104 184 
77 252 164 102 
140 157 123 244 
28 169 233 205 
14 245 90 84 
183 197 170 54 
196 142 32 16 
222 223 247 58 
49 142 35 11 
179 225 248 233 
225 245 246 83 
162 219 12 252 
130 200 14 166 
13 249 130 43 
104 16 135 66 
79 79 205 153 
4 96 112 167 
28 41 245 54 
216 88 126 107 
39 39 186 118 
255 147 225 12 
46 136 171 166 
143 38 123 141 
193 116 138 214 
221 208 30 21 
99 220 1 220 
8 56 57 57 
142 72 72 119 
147 117 155 222 
0 171 109 118 
240 233 233 188 
225 16 205 188 
96 235 115 37 
159 64 233 39 
30 147 40 29 
219 96 231 104 
188 126 28 251 
4 38 224 96 
21 224 54 111 
33 194 62 249 
80 173 76 251 
37 18 201 216 
171 127 169 136 
67 218 61 230 
154 249 53 128 
64 5 62 157 
232 246 194 143 
236 181 43 201 
159 175 115 122 
232 254 26 46 
110 4 186 203 
70 165 36 244 
141 112 4 102 
243 77 45 179 
176 98 222 174 
249 95 97 19 
221 158 60 190 
6 210 215 12 
153 249 103 29 
111 26 84 130 
106 79 85 217 
206 175 207 49 
137 10 3 105 
135 43 249 102 
25 154 165 54 
77 245 2 164 
46 167 83 109 
1 2 180 56 
131 183 177 9 
0 77 185 240 
159 241 57 43 
237 152 172 26 
52 217 181 242 
21 133 21 66 
210 101 144 139 
91 180 161 211 
211 186 184 71 
183 23 213 44 
243 72 133 49 
91 163 84 200 
221 163 113 142 
150 150 146 215 
60 79 161 126 
134 250 118 130 
196 241 176 212 
234 59 147 62 
209 30 98 107 
115 95 80 9 
209 191 94 48 
72 102 90 168 
125 24 247 78 
1 231 20 225 
70 171 193 40 
212 80 175 222 
208 24 44 253 
144 226 160 231 
106 223 25 27 
178 110 156 250 
174 3 165 144 
64 61 103 195 
139 111 151 85 
98 69 127 125 
58 245 129 230 
231 165 78 129 
17 84 224 239 
5 128 123 88 
25 147 91 43 
235 76 115 238 
15 205 247 42 
235 205 20 38 
216 3 125 4 
249 112 190 70 
170 193 199 129 
122 226 250 92 
130 107 236 187 
70 187 50 215 
70 154 192 247 
200 142 252 151 
65 87 47 65 
9 118 124 206 
254 34 90 109 
112 88 46 152 
246 189 65 38 
2 18 252 224 
204 62 84 223 
169 70 33 241 
201 133 5 164 
185 99 92 53 
194 104 190 156 
41 24 84 242 
30 51 182 64 
236 181 151 41 
193 195 56 47 
101 67 225 64 
130 59 6 3 
22 232 233 231 
58 112 25 189 
2 252 171 255 
173 87 220 24 
4 113 108 213 
64 158 146 16 
