98 161 36 28 198 135 44 33 37 187 220 234 212 89 4 15 
15 68 239 12 14 41 56 83 228 73 121 129 158 225 199 103 
155 153 24 253 23 214 254 197 5 140 18 108 175 67 73 31 
88 91 31 128 89 32 22 208 66 170 170 203 28 64 133 34 
24 119 22 10 150 223 147 91 171 126 243 63 51 236 88 12 
109 154 202 122 74 16 151 223 192 90 58 219 228 159 240 204 
60 120 234 212 159 99 218 249 212 153 167 141 125 11 186 145 
157 204 35 33 118 249 64 42 246 208 125 143 199 184 194 215 
145 192 194 165 196 29 88 88 222 228 150 89 148 206 205 67 
43 102 125 173 144 131 82 201 34 82 225 90 160 24 179 246 
213 83 231 136 203 10 238 215 88 152 37 68 55 5 191 97 
192 76 238 208 180 251 255 131 146 224 99 26 4 10 44 81 
189 155 115 118 2 27 153 173 99 23 81 208 164 119 42 40 
89 44 250 181 37 89 205 211 190 168 197 215 191 237 236 25 
53 247 12 77 43 217 118 112 197 151 211 21 105 23 241 217 
191 41 162 197 82 174 127 38 94 133 169 163 215 189 109 74 
17 215 50 158 135 11 225 6 113 10 95 184 87 157 198 33 
151 157 6 153 20 166 214 54 11 220 255 130 53 104 111 249 
235 214 66 121 112 225 146 187 232 149 36 209 84 191 72 73 
74 145 223 185 57 237 27 9 75 255 242 115 134 251 208 110 
135 94 116 171 209 175 89 158 25 195 53 103 204 90 253 61 
150 175 146 137 44 8 52 217 81 190 45 201 37 124 231 160 
141 108 203 139 229 255 69 101 100 250 71 185 1 222 159 235 
160 178 179 246 28 193 239 165 248 146 252 70 15 125 151 154 
103 34 200 78 88 26 196 93 188 59 134 114 216 17 12 63 
153 23 27 91 165 44 30 41 9 18 205 111 33 71 101 75 
82 28 248 41 34 200 119 109 147 147 144 109 50 68 239 191 
107 90 255 34 141 194 210 128 7 53 8 78 198 223 252 165 
10 21 9 80 120 46 192 167 102 89 12 120 77 86 182 107 
177 27 185 241 93 134 173 24 149 118 105 14 30 40 164 102 
164 107 112 248 251 191 194 166 241 48 64 204 59 120 5 123 
44 179 186 56 179 66 53 157 107 108 139 79 49 231 47 243 
81 142 0 42 39 147 42 251 93 233 106 138 114 186 1 135 
45 127 236 107 140 167 161 175 123 117 79 254 88 106 102 231 
108 217 39 90 186 150 139 189 204 105 4 238 139 154 188 54 
172 104 10 93 48 120 172 64 226 163 83 36 66 232 171 205 
54 115 32 220 26 171 178 86 95 214 145 16 190 229 160 162 
240 82 165 202 72 148 144 181 154 54 168 76 86 91 176 214 
242 174 42 229 104 111 85 16 178 119 50 43 54 69 6 136 
72 219 127 120 255 34 105 5 73 206 226 58 221 155 195 244 
228 72 75 115 15 118 240 32 68 196 126 166 178 121 107 202 
210 67 29 106 51 207 15 35 83 180 51 217 113 249 11 234 
90 202 220 125 122 64 130 47 19 106 78 169 36 15 69 90 
125 16 164 217 1 42 199 8 6 12 119 181 102 7 131 164 
250 61 107 224 130 157 230 222 185 20 177 176 52 59 187 86 
237 113 3 233 200 67 97 68 17 56 130 28 169 180 174 178 
65 150 58 236 94 137 115 124 51 176 20 158 17 113 202 71 
162 244 216 25 182 95 136 129 35 99 209 255 196 182 211 223 
132 8 173 68 152 47 34 17 132 122 16 119 213 36 122 80 
209 53 67 161 8 18 62 49 26 112 187 117 132 78 249 43 
245 51 88 13 201 19 57 115 16 252 215 37 170 2 103 179 
127 166 41 209 92 80 222 98 45 211 141 170 99 136 118 23 
123 230 126 238 35 253 152 13 186 101 27 126 165 196 206 82 
122 69 64 168 148 132 54 108 58 96 153 95 166 6 181 195 
2 213 122 66 105 76 126 10 151 183 65 171 72 16 222 45 
52 116 61 252 184 85 179 228 2 120 190 175 18 46 115 44 
4 52 131 73 174 0 231 92 86 254 137 22 200 83 165 41 
211 143 83 1 38 205 132 199 79 74 89 1 100 252 96 148 
156 140 13 170 22 21 246 224 122 36 162 69 94 35 114 248 
79 112 197 102 248 195 203 194 234 247 44 6 25 50 46 238 
148 59 210 95 76 159 221 62 41 156 23 10 45 0 147 176 
128 30 56 55 242 236 195 21 180 1 52 104 60 140 78 9 
253 36 137 167 237 53 190 183 62 32 35 0 156 138 129 88 
170 78 156 70 247 57 11 216 167 123 118 40 78 41 81 113 
105 190 92 194 250 160 174 244 8 100 204 116 122 148 17 28 
217 18 176 144 147 92 237 18 141 167 165 223 96 25 203 177 
118 47 147 67 178 39 110 171 36 77 253 164 224 203 30 166 
96 149 151 126 71 108 103 196 208 217 178 235 227 19 95 92 
194 141 149 119 117 72 188 97 194 113 3 94 63 201 57 6 
80 180 219 207 45 203 181 154 168 221 24 154 42 127 248 59 
200 96 180 86 222 202 96 53 172 103 213 18 123 146 61 211 
168 110 199 116 66 204 211 63 116 27 84 2 31 147 52 218 
212 65 213 63 50 79 101 132 21 109 109 33 251 158 146 1 
202 220 46 20 202 197 77 202 198 239 147 84 46 100 108 37 
219 114 43 211 224 58 37 25 223 16 29 60 57 197 168 36 
251 109 148 135 109 179 235 77 53 83 94 168 26 213 3 157 
252 225 133 239 193 82 13 145 217 0 148 3 16 240 62 210 
67 74 121 187 194 125 83 139 20 171 136 132 85 79 209 89 
185 165 178 203 249 173 141 44 163 209 93 244 184 53 93 96 
184 17 171 176 195 62 109 65 175 184 57 136 137 183 178 152 
68 181 134 30 6 143 138 121 139 34 43 155 203 76 162 53 
178 177 97 142 29 164 166 7 153 111 184 137 193 163 172 30 
230 163 142 58 110 123 61 212 33 144 111 151 128 177 139 93 
204 227 16 23 102 158 114 107 119 138 0 24 2 179 66 232 
158 4 221 110 61 5 150 85 142 241 240 122 121 253 227 46 
111 146 94 53 126 155 74 29 61 204 131 133 108 37 230 39 
126 176 145 243 149 97 6 28 214 43 116 192 245 12 228 225 
175 100 226 108 78 84 170 48 243 58 230 71 43 122 24 169 
206 241 71 200 49 14 243 84 91 124 164 153 226 214 63 138 
233 121 158 189 16 105 124 80 187 114 124 85 65 181 243 29 
147 20 110 149 136 70 217 180 220 37 108 64 145 72 31 99 
117 144 172 49 240 121 117 79 206 243 207 207 236 21 60 129 
186 39 201 123 4 211 99 153 213 137 142 100 153 246 155 208 
94 221 217 221 86 28 23 30 144 232 248 101 176 66 36 159 
137 19 59 160 171 172 49 100 120 51 25 91 183 245 246 55 
188 70 157 14 158 161 76 241 249 249 231 38 82 187 217 7 
110 160 120 186 131 210 50 161 50 55 160 47 34 160 192 121 
129 172 99 192 11 59 12 159 22 222 56 161 149 168 126 219 
238 212 225 179 13 25 55 253 52 72 76 118 194 194 255 65 
61 164 62 11 210 112 60 73 195 165 227 9 180 60 247 181 
229 135 34 152 100 96 19 234 224 14 86 73 98 77 233 18 
198 126 246 156 64 165 224 75 65 70 214 77 233 85 67 122 
23 148 15 147 60 144 84 117 96 238 128 162 35 216 112 203 
193 42 132 37 73 170 180 250 170 132 254 177 24 32 150 230 
179 50 69 228 191 209 112 242 233 121 61 213 230 52 58 68 
149 38 204 98 189 13 209 102 54 71 100 56 151 107 117 91 
131 234 205 88 232 30 116 90 255 33 13 142 249 205 0 64 
167 232 254 232 225 55 219 254 111 104 173 34 185 247 234 198 
197 133 170 219 154 222 51 149 157 185 224 29 38 22 124 49 
37 6 52 196 163 104 202 136 177 63 239 214 240 173 27 170 
106 122 23 244 103 60 133 94 14 31 163 247 141 99 128 62 
190 248 138 52 181 227 182 172 0 172 72 127 192 244 91 142 
208 132 144 198 75 71 234 58 130 94 191 149 209 130 142 108 
59 198 227 38 107 3 4 134 182 81 122 230 177 255 21 106 
9 152 65 22 161 140 106 110 28 116 237 19 95 134 121 237 
38 239 14 87 142 235 91 113 181 52 152 210 0 95 175 133 
231 197 182 84 65 36 248 219 174 223 129 248 83 101 120 115 
144 46 30 141 166 154 59 232 48 230 63 39 14 215 29 38 
92 66 206 242 204 234 154 34 78 207 185 107 39 55 26 199 
182 191 77 2 221 145 7 95 242 182 17 20 220 254 48 183 
29 15 153 214 215 233 43 164 159 200 206 241 19 218 43 19 
138 73 196 206 183 183 41 168 196 225 54 179 13 20 235 87 
176 185 68 50 124 43 80 204 133 181 73 31 241 30 132 8 
99 162 26 255 101 77 25 50 80 25 123 253 107 93 169 35 
244 106 103 9 108 103 17 55 148 199 67 87 20 172 177 77 
216 184 232 138 47 40 176 206 72 29 114 205 6 139 232 98 
121 29 128 222 3 54 113 214 138 93 28 102 197 42 56 144 
84 71 89 27 25 45 1 126 31 19 55 13 8 8 113 141 
3 168 104 45 40 50 0 162 191 39 174 165 48 202 49 228 
133 98 85 188 30 219 73 72 39 145 80 15 93 92 123 247 
187 254 207 109 111 2 68 203 67 155 228 4 207 49 143 147 
223 9 136 94 207 91 227 15 225 80 181 124 142 211 55 60 
32 134 96 131 52 242 160 247 112 186 183 251 79 190 77 139 
246 123 63 148 216 206 75 57 115 131 42 44 7 220 38 52 
75 48 11 15 252 115 244 0 124 2 19 128 61 58 170 72 
6 12 95 103 46 139 187 119 155 205 101 83 135 132 213 241 
114 159 228 17 19 151 245 82 173 57 115 112 119 150 15 26 
57 57 45 193 238 126 169 140 59 161 2 245 231 208 152 47 
249 128 37 6 217 252 207 19 219 84 157 189 152 212 141 0 
97 171 240 143 233 33 107 67 29 98 151 225 103 57 116 153 
196 229 60 204 212 20 48 51 162 41 189 50 90 188 135 233 
248 240 247 124 208 48 29 240 71 246 192 145 101 128 215 125 
64 75 49 112 157 247 90 105 137 219 245 123 205 145 54 206 
71 235 76 240 42 52 38 144 189 218 132 125 129 162 28 57 
93 118 21 61 95 17 36 238 57 46 200 35 40 171 18 130 
46 95 241 127 143 93 247 170 129 179 127 191 243 14 254 137 
56 203 81 145 153 216 45 174 140 21 60 200 117 126 173 58 
16 231 252 101 63 22 108 118 134 102 34 97 155 112 16 242 
139 226 129 74 170 152 149 122 216 242 210 45 210 141 250 255 
7 188 4 180 231 168 102 87 221 69 14 218 23 248 40 239 
34 187 40 54 115 244 140 12 237 148 234 198 97 44 157 56 
166 101 18 71 139 156 40 23 98 9 182 42 68 207 224 161 
66 233 167 29 59 127 183 26 126 42 33 81 217 108 2 131 
232 1 214 32 84 75 121 141 47 130 40 82 9 195 20 229 
120 255 113 97 206 163 129 27 211 244 104 106 106 227 82 48 
91 196 141 235 121 114 204 195 199 76 216 113 138 243 201 175 
205 99 51 8 127 220 134 125 143 50 208 8 76 153 127 21 
77 199 224 44 85 38 120 39 77 45 97 59 116 9 229 132 
136 183 44 226 5 182 111 155 87 215 223 139 27 235 140 17 
42 86 108 117 7 4 167 111 231 169 112 80 214 224 70 207 
140 111 123 205 10 90 229 184 18 62 241 48 56 174 220 226 
39 55 245 5 187 246 177 104 247 136 250 98 12 242 89 167 
69 211 177 47 156 86 71 1 110 110 193 196 130 13 8 85 
102 207 166 133 17 146 249 245 238 30 154 135 150 74 35 222 
70 245 174 140 213 110 233 152 106 154 11 65 182 102 242 216 
1 130 189 150 236 98 26 133 32 201 6 239 109 96 80 224 
8 117 82 175 21 31 79 96 165 158 176 54 206 131 153 20 
83 253 161 35 90 12 86 99 60 191 59 62 187 29 216 253 
20 87 212 4 81 6 94 120 70 129 155 236 111 226 10 3 
13 89 98 39 192 229 32 78 160 173 120 131 232 116 37 168 
218 13 175 31 31 142 28 52 200 26 175 211 253 178 223 180 
58 250 28 174 205 238 18 106 229 61 41 152 140 210 25 22 
26 45 139 0 146 68 63 138 169 135 217 67 255 4 85 111 
227 62 119 3 254 1 95 127 92 175 238 52 47 18 41 4 
134 223 190 247 175 230 135 76 40 115 87 182 247 33 238 128 
41 40 1 26 239 116 93 116 64 143 90 227 173 54 98 84 
51 10 73 92 91 49 81 3 179 28 47 194 254 61 244 163 
221 11 192 76 218 136 186 178 117 202 107 96 219 217 50 252 
87 93 17 155 27 130 104 130 183 197 233 147 75 142 226 109 
180 14 118 111 226 190 92 186 161 127 38 146 174 31 74 14 
152 228 181 100 83 180 164 59 252 15 46 144 112 28 84 2 
48 25 102 75 125 153 251 2 156 38 198 250 32 105 184 10 
40 0 198 210 168 199 215 209 150 216 102 221 250 209 86 173 
199 205 168 157 32 101 35 143 152 7 186 140 218 75 22 118 
62 64 209 24 36 213 198 43 240 251 212 51 195 47 200 251 
159 252 159 51 80 169 250 60 205 235 159 88 157 133 19 143 
100 201 230 59 58 56 159 142 236 86 96 49 238 111 64 104 
255 81 111 216 24 119 241 66 207 188 113 23 242 238 32 189 
73 131 130 60 253 100 21 22 166 87 158 148 161 170 53 51 
171 194 244 130 77 254 184 205 1 64 203 173 80 56 83 101 
163 249 38 82 123 176 87 81 84 125 219 224 222 143 144 184 
55 210 53 245 132 37 65 243 82 237 9 32 144 81 110 79 
21 43 155 79 114 124 213 236 27 79 202 172 237 166 14 220 
49 60 7 182 245 221 47 20 128 193 221 180 22 73 76 188 
116 200 237 134 241 102 220 148 63 229 62 199 29 169 237 70 
0 103 235 190 41 178 208 31 108 134 149 5 127 239 158 124 
115 33 163 7 69 24 175 239 239 107 117 197 186 151 71 227 
214 222 86 65 129 188 162 198 44 11 143 55 74 129 156 16 
86 139 243 21 99 240 226 185 253 88 135 99 163 82 161 200 
95 216 215 178 223 128 131 229 158 240 30 75 211 176 137 254 
143 246 80 230 56 78 201 61 89 194 218 249 21 165 13 32 
50 218 72 213 62 218 148 14 12 198 7 105 64 87 65 192 
254 206 105 159 137 65 200 45 250 234 236 195 118 193 166 240 
173 156 124 254 70 192 212 177 3 166 91 240 89 204 87 127 
104 56 135 184 197 106 66 248 23 5 69 220 136 51 90 150 
203 251 188 227 9 63 242 163 4 3 194 237 126 123 197 105 
101 243 8 62 230 215 5 225 145 236 201 61 154 233 136 182 
35 129 242 231 227 201 67 150 104 91 166 233 124 84 7 151 
146 186 70 40 243 243 24 137 101 49 32 93 5 103 134 186 
226 147 114 169 106 109 98 252 235 253 5 12 58 152 130 209 
225 169 229 43 246 184 100 200 13 22 138 17 168 250 79 221 
12 5 84 89 214 228 14 160 85 162 31 57 67 219 92 155 
11 209 20 199 33 87 158 218 30 40 15 252 235 110 100 140 
215 54 169 99 54 224 236 176 215 245 179 186 115 164 225 213 
195 170 19 16 234 81 165 233 109 213 133 160 172 94 59 185 
222 88 208 195 68 15 122 226 69 159 146 11 62 198 185 100 
169 238 160 113 190 239 10 114 74 92 247 232 70 167 106 24 
183 79 25 250 151 226 9 69 103 150 229 72 189 221 210 172 
78 31 184 215 219 141 145 207 202 192 26 202 146 26 207 158 
113 151 74 85 164 133 3 179 97 164 82 188 159 3 180 119 
18 49 101 83 228 177 128 36 254 128 39 159 162 98 204 69 
76 24 191 162 173 94 2 147 210 17 196 229 91 161 190 156 
36 242 150 201 55 7 163 191 90 227 21 167 143 48 105 78 
47 92 183 104 96 189 193 71 244 160 85 92 69 63 33 117 
19 138 154 164 98 35 253 40 38 13 70 30 92 115 167 120 
119 167 211 18 155 187 155 103 24 212 66 216 201 199 9 250 
33 124 218 69 134 245 46 123 203 142 110 231 239 228 119 126 
241 26 152 237 145 231 223 210 218 141 88 41 3 34 34 146 
207 22 109 57 116 61 143 4 245 8 1 134 10 27 104 50 
85 58 2 96 172 88 156 227 42 203 98 121 131 109 23 190 
31 80 5 225 53 212 33 213 125 24 92 222 110 149 68 83 
174 63 187 114 138 138 171 146 251 139 140 187 223 118 51 13 
201 189 249 19 220 74 206 151 118 97 188 53 147 234 193 197 
181 37 117 46 113 122 189 230 131 67 74 242 248 200 189 193 
154 85 48 129 87 129 191 74 127 177 172 110 167 65 221 5 
22 195 33 172 244 9 70 156 105 174 48 243 234 135 99 149 
30 208 57 218 0 113 39 89 227 78 171 178 71 43 45 187 
236 136 93 166 167 248 157 192 230 189 22 150 229 38 149 245 
142 35 54 36 97 208 125 70 176 210 232 156 252 156 251 66 
234 105 222 151 162 241 197 182 76 75 195 246 171 137 163 95 
243 77 91 105 176 69 252 193 56 231 161 157 208 117 75 174 
28 137 79 132 199 162 8 255 135 85 244 193 104 39 97 112 
5 84 195 146 133 73 168 235 43 248 249 212 179 62 145 236 
165 173 140 191 79 83 123 220 49 66 156 74 120 1 218 201 
124 237 106 223 185 23 31 169 184 226 222 206 246 185 219 27 
63 3 100 48 12 149 20 37 121 68 235 27 202 241 214 171 
25 236 233 72 128 185 142 221 15 4 77 46 41 114 245 194 
112 193 253 234 169 196 228 190 114 95 49 174 133 230 212 94 
14 97 193 154 18 232 16 231 201 6 75 228 81 88 154 11 
247 7 78 177 188 198 78 188 136 44 199 183 44 97 183 76 
161 224 251 249 67 51 72 237 209 178 180 66 73 192 39 114 
224 182 90 81 160 186 137 46 164 35 103 190 225 70 94 42 
239 2 87 163 211 181 58 11 193 157 251 226 181 45 196 196 
220 158 143 64 119 250 185 135 46 47 68 86 188 80 125 116 
130 125 55 183 235 107 232 56 10 60 246 25 244 144 138 212 
27 32 47 251 177 117 216 246 55 65 10 7 11 175 148 134 
